havi.forgalom
9000
4600
20000
20000
16000
6500
5800
8000
4400
13000
4600
11000
4000
6000
4000
9000
11000
7000
6000
4500
8000
13000
6
4000
12000
5500
22000
8000
15600
42000
4300
7000
3500
9000
5000
8000
28000
3200
3000
10000
6000
4500
20000
8000
25
4000
24000
7000
10000
450
5000
8000
12000
7500
8000
3000
8000
10000
1800
2000
17000
8000
13000
11500
1000
4000
5000
6000
5500
7000
7500
13000
10000
4000
22000
9000
1500
5800
6500
12500
15000
4000
3200
14000
9000
3600
8500
7000
24000
18000
11000
13000
10000
3300
11000
22000
2600
10000
6800
10000
15000
23000
7000
6000
1800
4700
24000
3900
16000
9000
20000
8500
6000
8000
65
14000
10000
6185
15000
12000
12000
9000
3000
12000
22000
2500
14000
12000
4000
15000
8500
12000
15000
4500
11000
8000
4500
6000
6300
20000
8000
9500
6000
4500
5000
20000
8000
12000
11000
7000
5000
1300
16000
7000
3200
7000
12500
12000
12000
16000
300
